# Created by Octave 4.0.3, Wed Mar 07 12:18:19 2018 -03 <JuanmaAlonso@MacBook-Pro.local>
# name: ans
# type: matrix
# rows: 4
# columns: 1
 -1
 -1
 1
 1


# name: entradas
# type: matrix
# rows: 4
# columns: 2
 -1 -1
 -1 1
 1 -1
 1 1


# name: salidas
# type: matrix
# rows: 4
# columns: 1
 -1
 -1
 -1
 1


# name: salidasLogicas
# type: matrix
# rows: 0
# columns: 0


# name: x
# type: matrix
# rows: 2
# columns: 2
 -1 1
 -1 1


# name: y
# type: matrix
# rows: 2
# columns: 2
 -1 -1
 1 1


